0 0.1578125 0.431666666666667 0.0354166666666667 0.055
0 0.280729166666667 0.374583333333333 0.01875 0.0408333333333333
0 0.340625 0.346666666666667 0.015625 0.0283333333333333
0 0.372135416666667 0.328333333333333 0.0119791666666667 0.0233333333333333
0 0.3921875 0.318333333333333 0.009375 0.0216666666666667
0 0.831510416666667 0.644583333333333 0.0734375 0.140833333333333
0 0.624739583333333 0.421666666666667 0.0296875 0.0566666666666667
0 0.574739583333333 0.368333333333333 0.0203125 0.0416666666666667
0 0.55078125 0.343333333333333 0.0140625 0.0266666666666667
0 0.535677083333333 0.327916666666667 0.0109375 0.0208333333333333
