0 0.0276041666666667 0.507083333333333 0.0552083333333333 0.0808333333333333
0 0.277864583333333 0.395833333333333 0.0255208333333333 0.0533333333333333
0 0.365625 0.355 0.0239583333333333 0.0383333333333333
0 0.409895833333333 0.334166666666667 0.0145833333333333 0.0333333333333333
0 0.436979166666667 0.322916666666667 0.0114583333333333 0.0258333333333333
0 0.74921875 0.515 0.0473958333333333 0.0916666666666667
0 0.650260416666667 0.395833333333333 0.0255208333333333 0.0433333333333333
0 0.613020833333333 0.355 0.0197916666666667 0.0316666666666667
0 0.597135416666667 0.334166666666667 0.0151041666666667 0.0316666666666667
0 0.58671875 0.32 0.00989583333333333 0.025
