0 0.225260416666667 0.40375 0.0296875 0.0458333333333333
0 0.315104166666667 0.359583333333333 0.0166666666666667 0.0391666666666667
0 0.36484375 0.3375 0.00989583333333333 0.03
0 0.391666666666667 0.32375 0.0135416666666667 0.0258333333333333
0 0.410416666666667 0.315 0.00833333333333333 0.0233333333333333
0 0.7375 0.532083333333333 0.0489583333333333 0.0975
0 0.61640625 0.400416666666667 0.0265625 0.0408333333333333
0 0.578645833333333 0.357083333333333 0.0197916666666667 0.0308333333333333
0 0.5578125 0.335833333333333 0.0114583333333333 0.0266666666666667
0 0.54453125 0.32375 0.00885416666666667 0.0208333333333333
